Time	YFP (C12 = 25000.00; C6 = 25000.00)	CFP (C12 = 25000.00; C6 = 25000.00)	YFP (C12 = 2500.00; C6 = 25000.00)	CFP (C12 = 2500.00; C6 = 25000.00)	YFP (C12 = 250.00; C6 = 25000.00)	CFP (C12 = 250.00; C6 = 25000.00)	YFP (C12 = 25.00; C6 = 25000.00)	CFP (C12 = 25.00; C6 = 25000.00)	YFP (C12 = 2.50; C6 = 25000.00)	CFP (C12 = 2.50; C6 = 25000.00)	YFP (C6 = 25000.00)	CFP (C6 = 25000.00)	YFP (C12 = 25000.00; C6 = 2500.00)	CFP (C12 = 25000.00; C6 = 2500.00)	YFP (C12 = 2500.00; C6 = 2500.00)	CFP (C12 = 2500.00; C6 = 2500.00)	YFP (C12 = 250.00; C6 = 2500.00)	CFP (C12 = 250.00; C6 = 2500.00)	YFP (C12 = 25.00; C6 = 2500.00)	CFP (C12 = 25.00; C6 = 2500.00)	YFP (C12 = 2.50; C6 = 2500.00)	CFP (C12 = 2.50; C6 = 2500.00)	YFP (C6 = 2500.00)	CFP (C6 = 2500.00)	YFP (C12 = 25000.00; C6 = 250.00)	CFP (C12 = 25000.00; C6 = 250.00)	YFP (C12 = 2500.00; C6 = 250.00)	CFP (C12 = 2500.00; C6 = 250.00)	YFP (C12 = 250.00; C6 = 250.00)	CFP (C12 = 250.00; C6 = 250.00)	YFP (C12 = 25.00; C6 = 250.00)	CFP (C12 = 25.00; C6 = 250.00)	YFP (C12 = 2.50; C6 = 250.00)	CFP (C12 = 2.50; C6 = 250.00)	YFP (C6 = 250.00)	CFP (C6 = 250.00)	YFP (C12 = 25000.00; C6 = 25.00)	CFP (C12 = 25000.00; C6 = 25.00)	YFP (C12 = 2500.00; C6 = 25.00)	CFP (C12 = 2500.00; C6 = 25.00)	YFP (C12 = 250.00; C6 = 25.00)	CFP (C12 = 250.00; C6 = 25.00)	YFP (C12 = 25.00; C6 = 25.00)	CFP (C12 = 25.00; C6 = 25.00)	YFP (C12 = 2.50; C6 = 25.00)	CFP (C12 = 2.50; C6 = 25.00)	YFP (C6 = 25.00)	CFP (C6 = 25.00)	YFP (C12 = 25000.00; C6 = 2.50)	CFP (C12 = 25000.00; C6 = 2.50)	YFP (C12 = 2500.00; C6 = 2.50)	CFP (C12 = 2500.00; C6 = 2.50)	YFP (C12 = 250.00; C6 = 2.50)	CFP (C12 = 250.00; C6 = 2.50)	YFP (C12 = 25.00; C6 = 2.50)	CFP (C12 = 25.00; C6 = 2.50)	YFP (C12 = 2.50; C6 = 2.50)	CFP (C12 = 2.50; C6 = 2.50)	YFP (C6 = 2.50)	CFP (C6 = 2.50)	YFP (C12 = 25000.00)	CFP (C12 = 25000.00)	YFP (C12 = 2500.00)	CFP (C12 = 2500.00)	YFP (C12 = 250.00)	CFP (C12 = 250.00)	YFP (C12 = 25.00)	CFP (C12 = 25.00)	YFP (C12 = 2.50)	CFP (C12 = 2.50)	YFP (No conditions)	CFP (No conditions)
0.0388888888888889	502	3009	504	2979	516	2975	513	2921	510	2896	506	2951	513	2875	506	2905	513	2916	522	2933	505	2895	515	2902	516	2908	506	2881	528	2935	518	2896	522	2908	499	2856	509	2990	520	2862	511	2881	514	2929	516	2939	518	2818	522	2818	528	2899	518	2876	526	2968	506	2948	512	2907	520	2878	507	2974	520	2876	530	2908	531	2944	516	2900
0.206388888888889	499	2923	507	2906	518	2916	502	2843	509	2853	500	2866	516	2926	507	2872	524	2889	511	2923	516	2890	521	2898	512	2898	517	2916	528	2913	513	2886	525	2818	518	2853	527	2835	510	2864	508	2879	525	2885	526	2839	514	2808	552	2856	522	2882	531	2931	519	2899	517	2881	521	2915	527	2947	537	2855	531	2822	524	2879	533	2926	529	2924
0.372222222222222	493	2936	506	2899	516	2858	510	2830	514	2830	505	2769	511	2806	509	2792	517	2868	505	2951	480	2875	509	2847	502	2856	508	2856	506	2778	498	2904	525	2841	521	2794	508	2905	531	2818	513	2819	530	2919	516	2800	520	2840	554	2830	522	2856	516	2878	508	2853	538	2928	512	2932	513	2845	510	2872	545	2894	509	2841	516	2850	518	2870
0.539722222222222	498	2882	495	2924	500	2850	515	2857	498	2778	489	2818	488	2841	510	2808	507	2836	520	2859	507	2790	503	2785	490	2836	505	2863	506	2858	494	2820	515	2805	512	2793	505	2834	532	2902	518	2839	522	2820	517	2861	502	2824	527	2931	513	2856	510	2808	510	2885	524	2846	525	2860	536	2895	521	2866	518	2892	490	2818	519	2864	528	2863
0.705833333333333	488	2904	502	2888	502	2952	510	2852	496	2838	499	2873	494	2844	512	2827	502	2785	514	2846	509	2821	508	2854	512	2914	525	2822	498	2803	502	2876	519	2807	510	2827	511	2883	527	2833	520	2844	520	2786	522	2797	500	2853	547	2819	521	2790	514	2775	514	2751	526	2855	506	2874	510	2812	532	2810	518	2843	506	2801	506	2823	522	2906
0.873333333333333	496	2820	498	2863	499	2890	505	2795	477	2883	481	2850	504	2851	502	2866	496	2820	504	2821	504	2804	498	2837	496	2808	514	2754	498	2845	508	2816	497	2810	505	2770	508	2810	506	2863	526	2849	508	2779	504	2798	507	2866	536	2894	516	2823	508	2749	512	2849	506	2803	508	2844	518	2839	517	2792	538	2756	512	2835	530	2803	529	2820
1.03916666666667	500	2903	498	2977	511	2847	491	2818	498	2779	497	2741	498	2843	517	2862	510	2837	507	2881	514	2789	498	2861	507	2817	499	2795	502	2824	506	2861	510	2872	517	2758	516	2838	508	2819	524	2737	523	2814	496	2800	498	2828	538	2769	508	2803	522	2839	522	2849	498	2791	513	2718	533	2816	514	2814	529	2870	506	2786	512	2902	527	2893
1.20583333333333	486	2886	489	2816	505	2902	494	2882	477	2816	503	2868	505	2840	496	2804	500	2836	501	2808	503	2774	486	2782	481	2820	488	2874	497	2769	506	2812	490	2767	513	2766	511	2826	511	2757	515	2863	506	2778	510	2804	499	2832	552	2800	520	2755	506	2809	514	2813	518	2850	499	2788	514	2810	541	2757	526	2850	519	2741	517	2858	508	2887
1.37333333333333	503	2884	480	2900	506	2883	493	2892	476	2826	487	2801	500	2872	504	2804	500	2786	489	2759	500	2754	492	2791	501	2754	500	2778	498	2789	496	2782	494	2769	508	2777	507	2816	524	2694	529	2739	527	2802	491	2790	504	2762	548	2834	524	2810	527	2812	508	2748	513	2762	500	2827	533	2846	549	2819	549	2778	524	2802	503	2820	506	2886
1.54	486	2834	486	2790	510	2872	503	2840	496	2806	487	2839	510	2776	514	2799	504	2704	493	2773	502	2748	489	2804	503	2763	507	2738	493	2898	492	2865	495	2787	512	2753	519	2862	513	2904	518	2806	507	2813	518	2754	494	2732	558	2836	516	2772	544	2736	507	2727	529	2837	505	2774	538	2786	539	2764	541	2719	525	2846	512	2816	512	2824
1.70611111111111	489	2796	508	2821	502	2827	488	2714	493	2856	498	2820	506	2918	500	2889	513	2774	508	2751	500	2718	503	2801	502	2758	506	2789	516	2794	502	2871	487	2797	509	2795	520	2823	518	2781	515	2790	514	2854	500	2774	490	2761	558	2804	534	2853	554	2709	521	2831	516	2850	508	2812	536	2837	562	2856	555	2779	540	2783	502	2791	498	2833
1.87361111111111	491	2888	498	2834	504	2823	488	2848	489	2891	489	2877	501	2858	493	2840	498	2886	492	2896	481	2842	488	2802	529	2832	496	2763	511	2758	504	2855	510	2751	503	2821	528	2781	526	2740	498	2829	513	2837	506	2760	490	2761	568	2852	549	2829	552	2776	532	2768	519	2766	504	2821	540	2798	564	2808	567	2744	542	2825	506	2726	509	2875
2.03944444444444	487	2980	509	2886	494	2835	486	2842	501	2812	500	2834	493	2849	506	2801	510	2796	504	2888	504	2836	490	2830	541	2760	500	2730	502	2768	515	2833	504	2836	494	2812	547	2781	529	2788	524	2676	517	2816	506	2841	508	2703	588	2810	566	2790	568	2821	541	2820	508	2784	499	2825	571	2790	599	2800	598	2870	538	2791	514	2852	510	2823
2.20694444444444	502	2858	504	2847	505	2862	496	2860	494	2826	488	2916	508	2843	504	2820	511	2838	494	2756	498	2755	493	2900	545	2780	506	2822	515	2773	507	2927	488	2820	508	2752	578	2782	551	2852	519	2765	507	2812	512	2719	504	2836	594	2810	581	2881	586	2842	546	2791	535	2757	520	2836	612	2811	610	2761	611	2761	553	2766	523	2828	522	2838
2.37277777777778	503	2938	500	2904	513	2822	507	2867	514	2878	501	2861	512	2796	521	2923	492	2822	526	2915	496	2876	492	2918	563	2786	505	2779	502	2780	500	2836	501	2787	511	2809	607	2796	566	2865	550	2797	522	2798	507	2834	502	2742	655	2759	620	2814	620	2784	542	2764	519	2763	514	2822	644	2795	634	2782	655	2805	578	2749	525	2869	500	2850
2.54027777777778	508	2892	508	2812	527	2815	513	2923	488	2846	500	2916	518	2821	502	2868	510	2808	522	2803	499	2820	492	2914	588	2812	529	2752	518	2758	506	2813	506	2794	507	2786	629	2802	588	2809	551	2765	513	2764	517	2817	503	2777	698	2872	662	2866	669	2700	581	2810	517	2786	519	2808	696	2800	674	2778	686	2736	600	2829	505	2778	521	2854
2.70694444444444	511	2902	511	3028	512	2940	504	2906	496	2868	508	2878	509	2839	526	2864	505	2924	528	2924	506	2907	515	2903	637	2832	532	2792	514	2863	518	2806	518	2818	514	2778	700	2786	642	2836	576	2782	544	2830	511	2784	518	2792	753	2860	722	2771	724	2819	617	2871	538	2864	522	2737	770	2791	730	2781	758	2770	629	2718	528	2790	546	2892
2.87361111111111	504	2998	521	2955	514	2992	511	2982	502	3025	519	2961	548	2820	540	2871	509	2920	525	2845	508	2908	516	2859	691	2774	541	2857	538	2867	514	2902	515	2876	507	2865	790	2847	726	2826	606	2824	540	2835	522	2782	515	2800	844	2897	774	2729	791	2751	680	2807	546	2884	516	2766	839	2910	804	2781	825	2765	663	2796	540	2788	512	2929
3.04027777777778	504	3030	532	3022	519	3001	512	2944	524	3009	513	3073	543	2830	519	2978	517	2960	532	2973	515	2884	531	2948	817	2804	555	2824	528	2926	506	2869	524	2877	532	2866	878	2860	778	2847	679	2812	557	2886	522	2841	514	2923	939	2767	886	2824	874	2754	720	2812	547	2868	531	2891	944	2815	905	2914	902	2844	735	2842	555	2829	531	2841
3.20638888888889	545	3086	540	3048	531	3012	529	3079	540	3145	538	3082	592	2900	557	3001	518	3020	542	2982	530	2919	533	2935	932	2817	566	2784	546	2917	534	2980	517	2882	527	2951	1030	2880	902	2814	749	2849	572	2834	524	2793	530	2836	1080	2724	1027	2860	986	2801	783	2794	556	2870	546	2882	1072	2877	1047	2774	1040	2847	772	2798	565	2846	541	2881
3.37305555555556	538	3090	555	3166	550	3112	540	3160	536	3108	547	3128	619	2882	548	3031	534	3001	558	3045	535	3011	532	3053	1078	2825	618	2911	564	2918	552	3052	541	2907	549	2968	1214	2802	1054	2770	850	2856	622	2846	537	2899	534	2826	1235	2867	1162	2899	1165	2821	870	2772	597	2902	552	2788	1240	2924	1194	2844	1189	2824	873	2903	602	2772	551	2882
3.54055555555556	567	3189	562	3155	551	3242	560	3224	565	3234	558	3213	676	2914	566	3132	547	3056	566	3100	547	3113	551	3075	1283	2816	669	2892	564	2938	560	3040	559	3004	550	3058	1411	2866	1243	2854	989	2836	664	2890	566	2835	557	2878	1478	2867	1397	2902	1341	2811	987	2778	621	2863	561	2888	1483	2922	1404	2891	1337	2757	986	2834	639	2920	576	2892
3.70722222222222	587	3276	579	3355	586	3374	568	3322	580	3323	583	3328	761	2947	585	3127	582	3157	569	3181	572	3146	587	3097	1538	2794	745	2920	599	3078	574	3004	573	3055	598	3054	1696	2915	1497	2908	1208	2806	748	2856	595	2937	591	2912	1743	2901	1662	2902	1566	2794	1129	2896	658	2879	588	2886	1734	2941	1629	2853	1592	2892	1118	2845	634	2919	577	2878
3.87388888888889	632	3417	620	3483	602	3429	595	3416	608	3397	619	3345	887	2941	617	3215	586	3232	612	3306	591	3250	590	3214	1877	2920	863	2918	620	3026	604	3168	624	3098	590	3134	2022	2868	1799	2922	1482	2901	838	2872	607	2925	602	2901	2054	2828	1955	2774	1867	2942	1299	2894	705	2894	610	2943	2025	2908	1928	2871	1889	2868	1272	2862	710	2809	600	2909
4.04	647	3412	650	3564	642	3516	644	3600	626	3562	622	3572	1047	2941	642	3351	632	3340	632	3334	624	3297	608	3396	2234	2898	968	2955	670	3140	620	3171	636	3172	634	3120	2448	2895	2138	2856	1745	2942	934	2860	654	2958	625	2992	2413	2924	2248	2973	2172	2878	1472	2891	729	2868	645	2930	2400	2895	2285	2882	2214	2926	1448	2857	750	2907	642	2924
4.20666666666667	704	3808	678	3734	683	3759	690	3755	666	3775	673	3676	1230	3089	686	3448	695	3502	671	3552	669	3507	660	3459	2709	2957	1160	2971	706	3200	673	3430	662	3315	672	3256	2850	2954	2582	2970	2106	2898	1048	2988	684	3031	671	2932	2881	2957	2736	2954	2565	2818	1697	2890	794	2969	674	3006	2848	2956	2695	2989	2570	2895	1654	2883	805	2882	664	2928
4.37388888888889	745	3864	712	4012	730	3900	725	3888	698	4016	707	3873	1408	3086	760	3495	727	3596	716	3658	696	3568	715	3600	3218	3005	1353	3057	744	3302	699	3494	690	3377	722	3366	3350	2947	3034	2947	2487	2944	1198	3058	734	3077	705	3095	3392	2939	3197	2958	3001	2919	1861	2924	845	2988	710	2959	3270	3034	3151	2894	2990	2910	1887	2992	857	2970	718	3038
4.54	792	3990	799	4191	779	4086	774	4206	773	4303	750	4184	1712	3109	797	3687	775	3794	773	3832	761	3795	749	3832	3724	3096	1638	3117	806	3522	766	3663	772	3516	737	3642	3894	2946	3499	2956	2953	3001	1362	3021	781	3118	764	3138	3970	2946	3677	2997	3434	2983	2101	2993	936	3021	750	3006	3838	2983	3689	2950	3456	3000	2107	3012	926	2961	752	3080
4.70666666666667	836	4283	844	4451	839	4519	821	4564	798	4546	835	4432	1974	3151	871	3776	839	3997	805	4054	801	4040	824	3957	4256	3006	1899	3128	876	3514	817	3825	828	3685	823	3742	4483	3118	4098	2979	3453	3062	1584	3109	839	3165	813	3175	4487	3057	4246	3070	3998	3048	2367	3002	989	2985	800	3101	4502	2991	4196	3045	4018	2941	2361	3047	994	2980	791	3063
4.87333333333333	949	4689	905	4816	924	4765	914	4990	885	4807	898	4888	2473	3268	897	4099	894	4405	874	4360	882	4341	898	4327	5034	3121	2274	3205	942	3804	878	3913	877	3950	890	3916	5225	3110	4752	3022	4050	3140	1802	3178	903	3296	890	3297	5268	3042	4972	3062	4572	3058	2703	3076	1071	3144	868	3189	5164	3105	4898	3106	4616	3058	2670	3064	1078	3123	842	3188
5.04	1009	5061	1018	5262	993	5335	1004	5336	951	5257	962	5205	2865	3312	999	4491	975	4718	946	4658	945	4684	950	4650	5794	3164	2722	3245	1026	4049	955	4186	957	4158	974	4179	6076	3116	5538	3044	4718	3161	2086	3206	990	3408	950	3422	6026	3139	5710	3108	5280	3125	3037	3133	1157	3171	944	3244	6020	3100	5620	3160	5249	3105	3042	3108	1220	3179	897	3174
5.20666666666667	1079	5618	1099	5781	1078	5884	1060	5798	1046	5716	1073	5813	3370	3347	1104	4706	1079	4931	1015	5049	1042	5076	1029	5002	6572	3200	3231	3345	1122	4261	1043	4644	1028	4508	1051	4394	6902	3207	6334	3190	5467	3246	2317	3286	1068	3516	1035	3543	6914	3133	6484	3166	5972	3096	3376	3228	1273	3192	1028	3274	6803	3104	6415	3084	6047	3118	3372	3158	1275	3212	970	3272
5.37416666666667	1221	6091	1171	6411	1182	6434	1174	6499	1123	6352	1130	6352	3889	3530	1194	5101	1173	5457	1151	5531	1123	5512	1116	5490	7551	3266	3715	3542	1227	4610	1128	4849	1121	4836	1107	4834	7716	3345	7255	3324	6233	3246	2595	3465	1146	3640	1101	3606	7795	3272	7334	3286	6760	3228	3690	3237	1330	3300	1080	3403	7741	3370	7322	3190	6824	3298	3724	3262	1374	3410	1022	3390
5.54027777777778	1281	6706	1286	6873	1277	7136	1263	7150	1236	7070	1212	6923	4384	3687	1272	5584	1241	5906	1201	6134	1213	6082	1183	5874	8379	3406	4210	3526	1326	4940	1208	5243	1175	5150	1217	5198	8664	3418	8171	3305	6988	3408	2880	3511	1223	3818	1192	3902	8746	3272	8320	3280	7650	3345	4034	3440	1459	3382	1156	3505	8656	3300	8187	3387	7680	3271	4140	3350	1486	3412	1088	3483
5.70694444444444	1365	7440	1377	7762	1369	7933	1344	8005	1336	7829	1348	7779	4880	3746	1354	6254	1334	6496	1280	6691	1289	6628	1287	6581	9252	3469	4731	3650	1400	5347	1254	5547	1275	5650	1302	5554	9563	3470	8992	3402	7810	3512	3169	3585	1302	3980	1242	4021	9613	3492	9104	3420	8454	3327	4357	3402	1540	3480	1199	3607	9694	3425	9176	3370	8502	3412	4490	3422	1553	3539	1153	3514
5.87444444444444	1475	8377	1487	8759	1459	8854	1478	9147	1431	8653	1423	8752	5418	3857	1460	6852	1444	7373	1376	7351	1412	7502	1402	7329	10055	3629	5175	3884	1494	5784	1351	6113	1354	6168	1353	6209	10376	3625	9877	3586	8462	3600	3378	3824	1367	4228	1317	4124	10517	3566	10019	3424	9255	3581	4773	3548	1624	3647	1286	3627	10618	3535	10132	3516	9325	3455	4848	3538	1650	3545	1219	3703
6.04111111111111	1568	9549	1582	9796	1553	9816	1570	10096	1522	9880	1503	9873	5977	3990	1543	7464	1517	8139	1488	8306	1468	8382	1469	8182	10995	3624	5707	3913	1592	6286	1428	6884	1440	6714	1436	6651	11229	3626	10690	3620	9239	3660	3635	3975	1449	4463	1384	4515	11343	3651	10772	3584	10016	3577	4996	3721	1713	3742	1364	3810	11424	3644	10892	3544	10044	3578	5178	3735	1706	3828	1270	3736
6.20777777777778	1674	10723	1675	11099	1630	11137	1660	11606	1623	11182	1646	11030	6547	4166	1625	8417	1609	9307	1573	9219	1556	9277	1569	9223	11662	3750	6272	4090	1686	7025	1496	7748	1534	7559	1538	7485	12109	3807	11437	3668	9938	3836	3869	4185	1507	4719	1501	4744	12211	3797	11564	3743	10773	3623	5311	3831	1805	3917	1390	3929	12351	3709	11834	3670	10976	3656	5543	3842	1861	3892	1355	3918
6.37444444444444	1782	12355	1782	12424	1760	12788	1798	13080	1726	12568	1742	12686	7225	4422	1723	9334	1715	10336	1683	10496	1668	10744	1656	10479	12567	3910	6832	4372	1811	7857	1595	8543	1638	8553	1618	8405	12984	3930	12406	3913	10746	3950	4139	4260	1593	5156	1573	4980	13139	3920	12342	3836	11578	3811	5718	3912	1901	4042	1509	4127	13386	3800	12632	3902	11725	3775	5785	3889	1966	3998	1430	4028
6.54055555555556	1908	14015	1893	14281	1878	14700	1894	14758	1828	14472	1860	14397	7917	4577	1849	10711	1829	11767	1769	12013	1784	12176	1774	11928	13557	3992	7546	4551	1899	8906	1712	9724	1738	9756	1706	9648	14090	4049	13297	4114	11614	4107	4508	4504	1705	5496	1634	5515	14210	4020	13356	4031	12355	4038	6073	4166	2000	4130	1575	4283	14332	4031	13696	4023	12738	4027	6276	4040	2050	4156	1511	4198
6.70722222222222	2038	16046	2029	16192	1975	16890	2032	17046	1961	16402	1970	16465	8775	4899	1938	12193	1920	13319	1876	13741	1886	13922	1870	13507	14533	4190	8176	4836	2062	9931	1844	11083	1783	11011	1826	10900	14858	4219	14062	4192	12432	4260	4764	4760	1773	6064	1733	6043	15160	4094	14223	4194	13193	4189	6462	4267	2099	4330	1628	4388	15265	4175	14465	4150	13511	4240	6659	4240	2178	4354	1566	4334
6.87388888888889	2134	18898	2152	18575	2140	19091	2167	19414	2097	18634	2052	18806	9516	5244	2087	13996	2102	15525	2019	15612	2004	16164	1974	15565	15621	4468	8935	5074	2146	11676	1934	12556	1901	12653	1920	12424	16011	4373	15285	4399	13483	4426	5119	5073	1876	6483	1825	6706	16260	4406	15178	4326	14129	4208	6861	4439	2222	4588	1729	4563	16597	4319	15576	4233	14443	4304	7032	4390	2280	4612	1632	4438
7.04055555555556	2330	22096	2313	21614	2256	22052	2335	22722	2212	21806	2233	21631	10484	5803	2205	16544	2242	18310	2136	18302	2148	18784	2110	18404	16918	4546	9852	5594	2250	13606	2048	14736	2052	14726	2030	14634	17180	4484	16280	4561	14462	4708	5536	5511	1966	7387	1873	7380	17492	4544	16404	4482	15269	4485	7334	4645	2321	4688	1821	4808	17786	4420	16648	4444	15527	4420	7496	4616	2426	4656	1720	4758
7.20805555555556	2453	25766	2464	25050	2457	25706	2494	26064	2404	25260	2378	25143	11377	6097	2321	18919	2338	20938	2274	21355	2250	21740	2252	20748	18078	4730	10690	5879	2404	15720	2120	16959	2168	16907	2146	16931	18432	4672	17363	4717	15460	4824	5855	5814	2062	8234	1974	8115	18713	4710	17430	4571	16148	4665	7801	4760	2422	4893	1863	4961	18995	4674	17757	4538	16545	4643	7995	4759	2526	4901	1784	4884
7.37472222222222	2618	29548	2638	29134	2632	29485	2654	30244	2541	28932	2575	28917	12346	6610	2478	22071	2512	24284	2392	24466	2390	25252	2396	24395	19340	4926	11593	6316	2519	18042	2248	19475	2231	19453	2314	19592	19750	4869	18712	4809	16690	4955	6200	6396	2164	8852	2103	8947	20093	4756	18607	4737	17266	4803	8261	4956	2589	5154	1949	5179	20688	4776	19172	4655	17722	4804	8473	4911	2647	5026	1849	5050
7.54055555555556	2763	33624	2771	32974	2752	33684	2859	34499	2694	33146	2708	33045	13205	7247	2621	25166	2633	27684	2513	27886	2561	28734	2527	27768	20441	5121	12540	6723	2648	20315	2362	22359	2362	21937	2371	21756	21081	5177	19891	4995	17784	5252	6526	6883	2228	9814	2176	9748	21377	4969	19801	5029	18376	4937	8645	5126	2645	5235	2014	5386	21903	4956	20358	4956	18914	4943	9016	5171	2727	5187	1956	5118
7.7075	2939	38502	2996	37363	2940	38210	3072	39529	2889	37779	2894	37668	14178	7974	2716	28790	2794	31415	2685	31945	2718	32726	2644	31860	21917	5319	13499	7377	2805	23340	2479	25008	2491	24814	2514	25064	22372	5254	21122	5312	19085	5428	6942	7560	2315	10790	2223	10854	22682	5242	21217	5183	19565	5260	9085	5382	2786	5588	2106	5524	23341	5223	21690	5158	20170	5068	9504	5275	2855	5424	2027	5366
7.87416666666667	3134	42962	3185	42548	3172	43136	3244	44590	3070	42767	3073	42367	15251	8821	2919	32528	3002	35506	2815	35928	2876	36524	2804	35746	23243	5392	14494	8096	2932	25806	2584	28035	2624	28115	2622	28087	23846	5446	22605	5334	20226	5568	7314	8391	2432	11837	2325	11780	24220	5412	22660	5353	20863	5419	9568	5568	2885	5760	2169	5862	24903	5299	23134	5267	21387	5312	9968	5457	2937	5558	2054	5618
8.04166666666667	3310	48222	3406	47445	3374	48303	3436	50085	3282	48246	3304	47262	16090	9662	3039	36135	3094	39448	3010	40084	3036	40693	2981	39728	24625	5675	15611	8746	3057	28750	2703	31214	2709	31188	2732	31389	25184	5649	23987	5631	21571	5915	7632	9197	2471	12996	2396	13055	25566	5614	23998	5680	22136	5674	9985	5746	2933	6028	2213	6051	26482	5605	24834	5547	22864	5570	10398	5722	3026	5856	2106	5840
8.20833333333333	3532	53440	3638	52538	3608	53486	3650	54966	3512	52972	3496	52593	17131	10508	3208	40068	3302	43947	3194	44748	3183	45578	3152	44155	26025	6003	16650	9572	3191	32180	2852	34212	2858	34533	2854	34365	26647	5847	25673	5868	22840	6179	7862	9918	2578	14297	2450	14100	27003	5735	25289	5671	23502	5715	10416	5931	2992	6156	2268	6306	27954	5643	26236	5659	24192	5794	10943	5778	3112	6029	2218	6000
8.37416666666667	3657	58550	3846	57965	3827	58705	3990	60790	3730	58756	3742	58071	18158	11366	3341	44036	3475	48174	3386	48815	3402	49988	3318	49188	27352	6168	17482	10279	3336	35156	2959	37711	2958	38136	2985	38231	28229	6102	26950	6084	24171	6522	8104	10896	2630	15290	2491	15335	28347	5896	26790	5911	24876	5921	10796	6219	3068	6550	2341	6601	29615	5893	27685	6008	25686	5960	11410	6075	3236	6133	2251	6131
8.54166666666667	3822	64010	4095	63106	3987	64592	4170	66033	3982	63988	3976	63886	19102	12432	3487	47979	3667	52363	3497	53365	3568	54734	3446	53140	28421	6335	18446	11243	3396	38148	3100	40875	3080	41055	3093	40980	29359	6245	28415	6374	25140	6830	8388	11987	2689	16802	2604	16739	29563	6248	28225	6127	26062	6043	11193	6238	3164	6680	2419	6728	31108	6241	29328	6053	27041	6092	11835	6198	3295	6327	2289	6441
8.70861111111111	4068	68746	4320	68416	4264	69412	4383	71696	4199	69420	4214	68587	20212	13519	3643	52217	3882	57174	3667	57670	3711	59526	3592	58114	29743	6640	19474	12103	3552	40932	3158	44314	3180	44610	3189	44376	30705	6462	29743	6600	26521	7191	8599	12841	2742	17926	2676	17759	31000	6448	29661	6516	27414	6433	11582	6683	3213	6895	2416	6956	32590	6460	30626	6412	28420	6329	12196	6480	3330	6617	2318	6419
8.87527777777778	4219	72530	4548	73369	4531	75304	4622	77035	4456	75116	4450	74506	20984	14523	3765	55293	3961	60493	3816	62134	3858	63053	3796	61301	30998	6934	20608	12822	3628	43494	3312	46847	3308	46853	3282	46662	31977	6832	31246	6824	27541	7504	8802	13831	2852	18562	2682	18693	32417	6644	30912	6746	28694	6592	11876	6718	3267	7168	2454	7196	34331	6738	32470	6461	29883	6554	12710	6659	3438	6528	2383	6661
9.04194444444444	4362	76151	4680	77326	4717	79589	4803	80553	4661	79535	4720	79155	21855	15161	3916	58473	4194	63013	3961	64663	3949	65594	3948	64524	32016	7130	21252	13491	3765	45175	3375	49058	3354	48588	3356	48821	33031	6952	32396	7139	28620	7933	8974	14684	2862	19562	2758	19502	33437	6968	32484	6858	30028	6919	12234	6955	3342	7288	2497	7325	35557	6908	33894	6736	31064	6638	12951	6848	3430	6864	2422	6669
9.20777777777778	4525	78977	4943	81227	4889	83514	5105	84178	4883	83097	4848	82424	22740	15987	4022	60840	4290	66209	4091	67544	4105	68989	4074	67321	33010	7408	22175	14466	3826	47250	3504	51150	3431	50507	3460	51126	34243	6984	33575	7357	29446	8127	9156	15419	2901	20278	2791	20405	34658	7138	33785	7052	30935	6964	12427	7104	3372	7546	2545	7612	36617	7014	35077	6875	32397	6824	13283	6784	3476	7004	2433	7006
9.37527777777778	4718	83272	5154	85344	5195	86472	5314	88641	5057	87598	5118	86378	23454	16919	4177	63636	4410	69133	4291	70992	4320	72876	4198	70484	34505	7734	22959	15013	3944	49711	3620	53822	3582	53660	3561	53586	35524	7405	34872	7538	30898	8470	9377	16183	2948	21476	2892	21622	36015	7315	34929	7238	31958	7233	12758	7376	3404	7671	2545	7734	37950	7342	36650	7181	33798	7124	13577	7034	3574	6979	2497	7115
9.54111111111111	4842	86853	5302	88937	5348	90731	5462	92492	5320	91230	5350	90579	24213	17479	4241	65983	4556	73020	4342	73808	4376	75776	4277	73608	35242	7848	23814	15739	3984	51834	3641	56116	3634	55544	3626	55877	36481	7611	35926	7848	31634	8836	9495	17005	2986	22482	2877	22260	37058	7533	36233	7321	33146	7324	13062	7619	3480	7912	2592	8030	39294	7592	37654	7352	34712	7279	13856	7261	3545	7250	2527	7320
9.70861111111111	4990	89629	5474	92447	5521	93866	5691	95943	5464	95030	5529	94777	24858	18534	4358	69116	4752	76461	4475	77340	4559	79568	4362	76982	36027	8121	24453	16561	4053	53790	3750	58090	3696	58138	3693	58100	37521	7776	36990	8107	32561	9270	9664	17973	2989	23269	2954	23519	38090	7786	37308	7624	34043	7484	13328	7906	3492	8082	2643	8318	40501	8028	39121	7663	35817	7388	14195	7351	3644	7294	2568	7399
9.87555555555556	5121	93468	5700	96397	5790	98744	5878	100512	5612	99748	5750	98841	25712	19673	4453	71502	4823	78942	4575	80744	4658	82658	4537	79734	37073	8528	25238	17483	4123	55539	3863	61049	3759	60298	3778	60608	38508	8143	38189	8429	33516	9676	9848	18853	3077	24355	3024	24965	39064	8012	38518	7913	34952	7726	13438	8004	3525	8378	2626	8350	41632	8056	40400	7762	36962	7597	14595	7631	3709	7549	2570	7551
10.0422222222222	5244	95916	5783	98831	5826	100785	5984	102612	5808	102114	5904	101943	26137	20222	4534	73778	4933	81387	4662	82883	4750	85910	4549	82048	37541	8766	25586	18238	4170	57603	3820	62750	3782	62066	3852	62333	39043	8150	38672	8572	33908	10133	9755	19567	3081	25040	3042	25623	39892	8264	38949	8128	35582	7944	13549	8162	3556	8494	2687	8642	42362	8257	41245	8018	37703	7645	14478	7518	3717	7725	2636	7710
10.2080555555556	5314	100334	5996	102747	6088	106332	6239	106965	5993	106916	6059	106130	26926	21600	4700	77484	5104	84774	4803	86270	4878	89246	4718	85212	38729	9084	26610	19026	4282	59452	3904	65408	3940	64735	3871	64756	40262	8522	40020	9064	34996	10567	10018	20890	3225	26286	3152	26842	41106	8558	40452	8501	36652	8157	13903	8406	3626	8936	2780	8868	43804	8693	42710	8345	38917	7966	14820	7687	3779	7896	2662	7978
10.3747222222222	5573	102775	6182	107487	6327	108787	6365	111035	6294	110279	6223	109132	27426	22273	4797	79077	5180	88270	4930	89492	5021	91940	4790	87918	39502	9344	27112	19714	4432	61104	4099	67654	4074	67031	4102	67112	41094	9002	40851	9475	35856	11223	10074	21845	3262	26911	3269	27309	41958	8839	41257	8792	37508	8332	14086	8676	3732	9026	2821	9004	45064	8911	43781	8775	39742	8295	15011	7984	3901	7998	2666	8016
10.5413888888889	5698	105673	6304	109760	6452	112078	6631	114798	6402	114077	6421	112990	27989	22792	4912	81736	5290	90113	5061	91908	5209	94076	4992	90864	40194	9688	27647	20677	4558	62356	4204	69014	4166	67913	4202	68434	42102	9151	41795	9686	36335	11453	10451	22320	3358	27457	3331	27479	42710	9259	42086	8892	38263	8505	14266	8907	3767	9130	2912	9143	45608	9324	44705	8841	40974	8428	15222	8114	3996	8196	2782	8164
10.7088888888889	5901	106755	6467	112044	6558	115762	6721	116944	6582	116873	6602	117060	28837	23692	5098	83522	5526	92320	5282	94103	5291	95280	5126	91936	40742	10108	28432	21455	4686	62315	4253	70005	4278	68513	4318	69155	42583	9451	42350	9960	36873	11981	10594	22655	3416	27542	3362	27847	43442	9349	42926	9056	39049	8808	14616	9088	3854	9274	2903	9139	46430	9524	45790	9180	41522	8438	15528	8450	4090	8080	2859	8123
10.8755555555556	6112	107780	6794	115408	6855	118157	7048	119940	6879	119979	6856	119399	29867	24600	5274	84632	5696	93676	5441	95613	5591	96928	5340	93251	41334	10329	29600	22249	4803	63250	4409	71464	4436	69903	4445	70208	43440	9658	43158	10284	37548	12152	10837	23012	3480	28126	3433	28402	44220	9666	43795	9566	39621	8970	14972	9286	3925	9289	3002	9284	47671	9758	46741	9406	42290	8672	15905	8407	4130	8317	2906	8342
11.0416666666667	6397	109730	7064	117704	7172	121063	7323	121379	7122	121683	7052	121946	30588	24788	5337	85880	5832	93898	5566	96326	5707	97504	5506	93710	42146	10604	30406	22462	4864	64437	4503	71267	4523	69998	4544	70845	44101	9705	43759	10462	38641	12414	11078	23711	3558	28116	3547	28626	44752	9788	44349	9695	40244	9185	15198	9274	3997	9546	3008	9422	48326	10167	47336	9722	42932	8911	16326	8653	4206	8377	2926	8404
11.2083333333333	6472	110777	7216	118679	7467	121988	7552	122759	7398	123201	7317	124113	31865	25102	5414	86504	5994	95707	5694	97247	5910	99057	5630	95240	43398	10734	31367	22651	5004	64745	4610	72476	4611	71318	4670	71503	45280	10149	45004	10836	39797	12773	11247	23642	3584	28582	3589	28956	45986	10106	45375	9925	41695	9382	15504	9452	4109	9623	3075	9588	49181	10191	48214	9954	43765	9074	16799	8612	4295	8517	2970	8527
11.375	6645	111916	7404	121488	7640	124053	7770	125466	7606	125606	7613	125442	32820	25388	5594	87179	6121	97382	5890	99164	6018	100169	5776	96594	44788	10993	32111	23090	5107	65970	4750	73503	4658	72175	4732	72713	46939	10480	46538	10996	40926	13084	11520	23996	3650	29004	3640	29672	47276	10336	46626	10345	42740	9458	15848	9601	4166	9636	3094	9719	50112	10468	49772	10123	45487	9238	17122	8832	4383	8705	2998	8753
11.5425	6859	113337	7573	121939	7835	124432	7975	125693	7880	125868	7787	126259	33756	25751	5745	89010	6230	98192	5936	99675	6162	101048	5862	97988	45731	11209	32730	23374	5214	66217	4775	73727	4740	72225	4853	73616	47919	10365	47547	11081	41495	13016	11554	24014	3722	29369	3685	29425	48910	10565	47915	10184	43637	9611	16028	9589	4171	9904	3189	9742	51704	10802	51162	10390	46654	9391	17464	8804	4448	8711	3047	8762
11.7083333333333	7002	113542	7770	124283	7915	126826	8199	126220	8026	127806	7950	127613	34306	26081	5718	89726	6293	99010	6034	100891	6312	101907	6004	99012	46957	11126	33508	23285	5312	66630	4786	74441	4839	73363	4888	73841	49152	10628	48324	11090	42430	13437	11752	24553	3787	29367	3781	29951	49890	10606	48697	10384	44613	9855	16234	9741	4213	9884	3246	9834	53453	10845	52142	10472	47714	9607	17769	9088	4594	8865	3102	8911
11.8758333333333	7175	115100	7938	124748	8105	126921	8383	127521	8150	129580	8030	128144	35189	26466	5840	89857	6381	100366	6108	101016	6364	102939	6089	99331	47872	11429	34196	23416	5418	67262	4893	74975	4923	73375	5008	74249	50088	10619	49466	11408	43036	13588	11857	24822	3801	29768	3787	30490	51107	10754	49861	10474	45560	9900	16404	9936	4340	9995	3266	10152	54564	11092	53758	10682	49154	9643	18172	8963	4620	8722	3140	9046
12.0416666666667	7326	115994	8112	126735	8330	129240	8567	130121	8376	129926	8306	131290	35925	26180	6052	90786	6550	102067	6229	102016	6427	103975	6216	100379	48828	11486	34896	23936	5489	68616	4947	76082	5026	75106	5034	74905	51341	10936	50204	11538	43710	13763	12017	25321	3876	30129	3880	30432	52408	10779	51078	10710	46512	10048	16681	9988	4362	10237	3254	10086	55809	11126	54922	10834	50403	9736	18326	9178	4726	9159	3209	9139
12.2083333333333	7454	117146	8291	128595	8393	130004	8733	130526	8484	132018	8327	132260	36851	26998	6071	92380	6609	103173	6279	103302	6557	105322	6344	101742	49858	11579	35519	24103	5588	68844	5029	76482	5141	75660	5134	76112	52360	10848	51286	11703	44620	13979	12163	25313	3941	30337	3881	30700	53433	11037	51801	10766	46979	10104	16854	10198	4421	10286	3366	10150	57148	11300	55774	10811	50791	9706	18729	9425	4726	9211	3220	9072
12.3752777777778	7579	118438	8467	129040	8635	131218	8790	132280	8567	133294	8516	133571	37522	27046	6120	93106	6717	104387	6349	104978	6678	105508	6386	103063	50629	11904	35981	24634	5634	69120	5099	77085	5171	76270	5150	76699	53168	10926	52140	11701	45377	13959	12184	25496	4019	30564	3974	31291	54157	11069	52554	10898	47864	10188	17175	10223	4492	10561	3386	10365	58098	11388	56688	11176	51914	9854	18946	9232	4894	9271	3295	9178
12.5427777777778	7658	119983	8408	130664	8730	132419	8860	134212	8711	134530	8573	134375	37689	27140	6249	93377	6748	104351	6436	105332	6782	106859	6470	103577	51540	11828	36672	25084	5703	70508	5197	77805	5174	76890	5276	77441	53985	11141	52478	11794	45710	14238	12324	25498	4038	31155	3972	31256	55073	11178	52981	11055	48312	10276	17164	10300	4478	10333	3429	10451	58833	11668	57205	11200	52425	10068	19031	9511	4952	9352	3279	9172
12.7094444444444	7765	121357	8537	133046	8797	134325	9047	135491	8784	136002	8759	136595	38750	27726	6262	95099	6908	106870	6561	106732	6831	109116	6618	105185	52356	12099	36810	25345	5795	71300	5199	78847	5287	78262	5327	78948	54790	11434	53340	11879	46219	14299	12622	26071	4058	31664	4086	31759	55823	11327	53859	11201	48867	10526	17498	10484	4548	10742	3455	10602	60151	11769	58484	11208	53324	10116	19407	9668	4974	9457	3370	9465
12.8752777777778	7935	121673	8756	133628	8908	135550	9113	135788	8864	137073	8894	138002	39033	28070	6375	95553	6962	106854	6655	107441	6914	109353	6695	106267	53301	12066	37364	25307	5873	71967	5291	80232	5350	78566	5379	79603	55362	11349	53912	12021	46654	14468	12719	26244	4150	31460	4143	32162	56988	11506	54708	11357	49447	10542	17537	10585	4557	10556	3494	10786	60843	11927	59073	11303	53711	10256	19532	9778	5058	9597	3338	9484
13.0422222222222	8040	124310	8849	135978	9087	137650	9329	138672	9025	138998	8994	139498	39632	28283	6483	97666	7159	109371	6730	109882	7076	110461	6782	107606	54144	12421	37935	25616	5940	73039	5358	81315	5446	79153	5420	80761	56280	11700	54677	12518	47408	14621	12905	26702	4179	31977	4198	32498	57799	11639	55255	11352	50213	10640	17930	10778	4655	10941	3579	10932	61595	12044	59854	11403	54649	10318	19815	9899	5071	9814	3434	9650
13.2088888888889	8141	126127	8977	137826	9188	138383	9329	139368	9160	139499	9116	141600	40080	28842	6490	98481	7205	109142	6772	111102	7103	111107	6819	108259	54508	12549	38219	25955	6005	73701	5376	81455	5413	80392	5501	80404	56868	11651	55293	12378	47720	14797	12914	26907	4260	32422	4268	32973	58383	11787	55707	11609	50639	10762	17984	10825	4691	11027	3580	11002	62292	12118	60412	11535	55179	10554	20160	9912	5172	9939	3450	9880
13.3763888888889	8269	126874	9021	139411	9282	140401	9531	141606	9333	142320	9192	142600	40696	28917	6655	99382	7304	111316	6829	111055	7200	112412	6908	110164	55351	12636	38766	26499	6089	74938	5486	82684	5513	81379	5587	82020	58109	12027	55981	12576	48278	14968	13107	27475	4368	32977	4306	33368	59222	11813	56732	11616	51507	10794	18197	10883	4770	11217	3649	11099	63138	12291	60946	11796	56043	10417	20412	10071	5230	9926	3540	9905
13.5422222222222	8374	127860	9170	141704	9359	142196	9603	142699	9422	143886	9387	145045	41279	29332	6661	100924	7364	112928	6929	113436	7302	113926	7014	111111	55926	12563	39271	26488	6152	75294	5566	83162	5552	82188	5646	82848	58719	12171	56826	12738	49028	15181	13206	27557	4366	33198	4377	34030	60005	11954	57274	11764	51840	10929	18450	11070	4867	11286	3672	11293	64296	12477	62095	11932	56565	10836	20669	10126	5300	10235	3499	9919
13.7088888888889	8420	129778	9409	143072	9650	142308	9703	144243	9544	144566	9577	146506	41640	29745	6885	102227	7426	114499	6993	114216	7318	114566	7139	113258	56993	13050	40064	27205	6319	76341	5620	84790	5680	83271	5798	83649	59506	12254	57230	12848	49500	15206	13294	28058	4395	33446	4350	34005	60532	12088	57846	12024	52402	11112	18643	11071	4854	11246	3709	11359	64978	12602	62472	12056	57081	10789	20807	10444	5335	10095	3595	10072
13.8763888888889	8580	130626	9442	144600	9666	144756	9939	146481	9635	146166	9604	148264	42204	30153	6913	103503	7485	115975	7152	116147	7432	116780	7222	114024	57571	13148	40114	27386	6311	76950	5694	85626	5712	83868	5810	84472	60459	12214	58260	13130	49798	15637	13495	28472	4506	34076	4472	34932	61526	12392	58679	12120	53127	11173	18788	11291	4896	11552	3807	11490	65366	12844	63321	12131	57648	10917	21072	10369	5404	10256	3662	10273
14.0430555555556	8630	132185	9542	147354	9835	147020	10041	148603	9719	147506	9764	150223	42366	30178	6998	103592	7660	116538	7235	116471	7530	117536	7310	115526	58174	13363	40434	27583	6494	78044	5741	85900	5850	85598	5892	85238	60598	12530	58493	13193	50362	15868	13553	28739	4477	34307	4434	35228	61785	12574	58822	12077	53662	11251	18926	11388	5026	11700	3780	11553	66172	12939	64056	12251	58130	11001	21215	10570	5495	10378	3613	10167
14.2097222222222	8617	133378	9716	148608	9912	147048	10045	149055	9787	149972	9773	151724	43015	30475	6991	104442	7647	118048	7244	116838	7584	117693	7313	116114	58702	13692	40856	28028	6490	78846	5787	87360	5896	84974	5934	85725	61217	12623	59099	13341	50910	15887	13739	28691	4516	34290	4496	35261	62253	12540	59457	12313	53724	11518	19073	11212	4965	11684	3844	11656	66802	13118	64549	12483	58602	11028	21367	10629	5592	10579	3655	10281
14.3758333333333	8848	134645	9806	150039	10030	150034	10193	151605	9979	151363	9992	153596	43436	31046	7166	106106	7808	119552	7386	119335	7703	120249	7461	117836	59294	13740	41345	28440	6611	80093	5880	88413	5917	87363	5960	87908	62165	12778	59902	13668	51435	16005	13868	29487	4628	35105	4560	35648	63591	12976	60206	12471	54456	11551	19315	11577	5083	11937	3885	11786	67794	13086	65048	12794	59643	11290	21713	10602	5596	10689	3751	10515
14.5433333333333	8922	136430	9917	151792	10184	151443	10371	152709	10022	152927	10073	154945	43898	31611	7217	107092	7936	120931	7472	119777	7777	120012	7572	118979	59736	14000	41937	28866	6622	80471	5866	88796	5965	87426	6037	87782	62469	12965	60115	13730	52013	16352	13898	29588	4685	35451	4655	36093	63957	12958	60570	12686	54620	11577	19566	11799	5141	12025	3937	11873	68386	13469	65584	12755	59784	11328	21703	10965	5641	10876	3716	10754
14.71	8978	137773	10001	154512	10250	152381	10399	153346	10138	154292	10092	156923	44248	32219	7265	108936	7987	121620	7435	121612	7852	122642	7614	119527	60235	13778	42236	29141	6766	81340	5977	90136	6034	88067	6084	88384	63167	13085	60940	13891	52232	16452	14047	29800	4639	35560	4672	36394	64121	12998	60990	12855	54902	11734	19576	11654	5140	12096	4005	12013	68686	13593	66345	12674	60382	11490	22013	10912	5789	10873	3761	10624
14.8766666666667	9121	138906	10148	155283	10365	154382	10558	156110	10248	155443	10212	158440	44558	32354	7344	110254	7937	123040	7587	122175	7948	122751	7735	121311	60934	14090	42698	29223	6856	81742	6056	90338	6152	89243	6194	89446	63724	13264	61291	14008	52656	16692	14225	29912	4723	36042	4718	36704	64801	13192	61581	12664	55498	11923	19636	11865	5226	12190	4002	12039	69211	13767	66567	12904	60543	11548	22162	11097	5782	10839	3806	10573
15.0425	9122	141024	10263	157468	10404	155179	10636	156829	10410	157086	10368	159524	45022	32642	7443	110894	8137	124830	7677	123980	7980	124479	7818	122995	61451	14347	43193	29112	6893	83128	6100	91438	6197	89920	6268	90709	64132	13437	61880	14096	53366	16976	14314	30284	4817	36421	4723	36851	65608	13248	62389	12967	56138	11913	20053	12042	5263	12146	4089	12221	70038	13954	67329	13166	61293	11623	22409	11163	5844	11002	3842	10829
15.21	9324	141804	10355	159105	10577	156924	10851	159160	10419	158400	10490	162088	45331	32897	7570	111906	8230	125937	7669	125310	8106	126046	7873	123828	62331	14439	43594	29753	6986	84004	6197	92560	6240	90824	6304	91084	65165	13566	62721	14412	53716	17129	14382	30612	4882	36451	4810	37446	66082	13539	62672	13262	56696	11958	20011	12149	5284	12328	4081	12256	70345	13920	67885	13220	61396	11913	22566	11272	5914	11079	3832	10795
15.3769444444444	9449	144027	10514	159921	10622	158989	10902	161297	10659	160645	10627	163366	46057	33262	7552	112968	8273	127662	7861	126359	8156	126300	7968	124888	62633	14487	44133	29966	6995	84706	6259	93092	6349	91511	6410	92532	65704	13793	62942	14306	54266	17183	14498	31108	4936	37048	4879	37593	66842	13588	63404	13379	57496	12227	20312	12196	5391	12374	4127	12395	71332	14094	68064	13602	62222	11883	22784	11331	5975	11317	3952	11145
15.5427777777778	9501	145888	10643	163348	10822	161201	11132	163475	10784	163454	10838	166753	46502	34146	7667	114375	8392	128430	7941	128000	8306	128132	8012	126833	63494	14928	44505	30615	7202	85891	6372	94459	6420	93059	6436	93431	66356	14121	63801	14511	55169	17580	14682	31461	4960	37278	4937	38431	67368	13902	64258	13338	58160	12384	20542	12220	5405	12655	4207	12570	72166	14254	69080	13541	62990	12122	23077	11576	6024	11410	3982	11160
15.7102777777778	9733	148131	10782	165377	10997	162114	11241	166148	10897	165417	10868	168621	47015	34400	7768	116181	8428	128907	8023	129185	8396	129351	8207	127837	64628	14997	45003	30846	7213	86399	6403	95539	6535	94025	6584	94534	67282	14256	64420	14980	55480	17740	14917	31786	5012	38250	4988	38688	67985	13900	64987	13616	58924	12554	20735	12598	5521	12819	4252	12468	73022	14506	69785	13770	63607	12108	23137	11607	6138	11458	4046	11223
15.8769444444444	9838	148863	10934	166964	11132	165280	11391	167631	10944	166206	11083	170738	47713	34792	7945	116836	8616	131630	8222	131277	8517	130975	8301	129965	64868	15226	45581	31610	7378	87534	6540	96684	6618	95602	6618	95454	67996	14124	65753	15148	56216	18070	15047	32266	5023	38204	5033	38929	69021	14507	65787	13738	59258	12728	21055	12566	5587	13035	4300	12910	73637	14751	71030	13810	64308	12204	23568	11634	6220	11662	4066	11409
16.0427777777778	9898	151705	10991	167856	11260	166298	11468	168796	11176	167856	11260	171436	48163	34868	8006	118327	8688	132262	8212	132579	8561	131858	8381	129953	65168	15404	45818	31838	7360	88710	6575	97348	6653	96466	6668	96796	68547	14326	65252	15175	56686	17964	15155	32685	5122	38736	5063	39272	69603	14419	65716	13928	59601	12640	20993	12737	5543	13144	4338	12900	73844	14906	70858	13924	64439	12336	23574	11949	6230	11792	4062	11625
16.2102777777778	9995	152144	11014	169716	11382	168284	11647	170840	11306	169911	11285	174589	48776	35674	8118	119997	8795	134251	8304	133277	8667	133133	8547	131479	65818	15600	46066	32154	7426	89824	6663	98398	6661	96942	6755	97555	69076	14623	66506	15219	57114	18358	15312	32787	5193	39148	5159	39953	69912	14539	66917	13830	60138	12890	21248	12908	5637	13070	4321	12904	74783	15080	71368	14062	64976	12630	23966	12023	6314	11917	4136	11668
16.3761111111111	10141	153989	11230	171420	11456	170393	11793	172165	11368	171415	11340	176047	49070	36066	8198	120394	8901	135380	8394	134458	8781	134983	8552	133845	66470	15579	46404	32398	7515	90172	6587	99111	6751	96692	6828	97301	69772	14675	67142	15352	57606	18636	15420	33132	5230	39256	5164	40113	70483	14769	66990	14029	60902	13008	21337	12987	5626	13197	4344	12890	74857	15199	71878	14269	65502	12563	24012	11926	6335	11868	4189	11706
16.5436111111111	10248	155493	11324	173370	11616	171250	11829	173389	11500	173112	11515	176489	49286	36120	8157	121555	8939	136666	8376	134869	8873	136212	8627	134094	66973	15904	46970	32470	7575	90776	6720	99626	6832	98800	6846	98756	70148	14879	66989	15605	57878	18711	15488	33146	5231	39776	5205	40133	70941	14814	67479	14265	61079	12839	21401	13057	5650	13394	4384	13222	75623	15328	71966	14386	65475	12646	24143	12130	6421	11959	4154	11746